PersistTab:
        db 55,123,84,67,186,119,10,105,183,122,86,194,43,216,77,231
        db 226,125,65,173,237,136,217,237,80,61,103,134,250,26,119,164
        db 251,70,164,66,242,51,175,237,196,123,210,203,148,15,82,221
        db 239,145,84,129,71,253,241,59,162,144,141,181,147,226,100,4
        db 106,86,101,45,168,180,68,230,181,20,202,162,213,253,113,200
        db 89,206,45,68,19,93,140,66,12,222,0,53,120,8,125,30
        db 233,114,65,10,195,67,238,220,241,11,230,78,215,235,207,51
        db 136,251,116,254,56,238,209,136,243,240,110,14,144,208,235,121
        db 225,100,220,226,46,40,216,86,224,41,205,214,129,33,151,163
        db 227,226,208,184,160,249,233,151,195,140,122,73,197,133,214,160
        db 187,241,227,191,205,171,41,220,234,53,40,69,186,230,238,161
        db 212,74,234,121,50,198,251,246,225,123,205,236,253,109,102,25
        db 221,228,250,166,139,20,8,246,119,248,158,160,108,131,255,182
        db 194,250,106,73,214,156,49,47,183,133,17,2,35,209,193,107
        db 177,5,204,161,79,170,156,46,239,59,216,241,126,65,240,105
        db 22,188,246,49,116,196,176,198,172,114,235,144,28,249,18,33
